1472575961402 Connected COM7  
1472575963084 Repl Initialized  
>> [ [ 0,
    0,
    0,
    1,
    0,
    0,
    0,
    0,
    0,
    0,
    0,
    0,
    0,
    0,
    0,
    1,
    0,
    0,
    0,
    0,
    0,
    0,
    0,
    0,
    0,
    0,
    0,
    0,
    0,
    0,
    0,
    1,
    0,
    0,
    0,
    0,
    0,
    0,
    0,
    0,
    0,
    0,
    0,
    0,
    0,
    0,
    0,
    1,
    0,
    0,
    0,
    0,
    0,
    0,
    0,
    0,
    0,
    0,
    0,
    0,
    0,
    0,
    0,
    1 ],
  [ 0,
    0,
    0,
    1,
    0,
    0,
    0,
    0,
    0,
    0,
    0,
    0,
    0,
    0,
    1,
    0,
    0,
    0,
    0,
    0,
    0,
    0,
    0,
    0,
    0,
    0,
    0,
    0,
    0,
    0,
    1,
    0,
    0,
    0,
    0,
    0,
    0,
    0,
    0,
    0,
    0,
    0,
    0,
    0,
    0,
    0,
    1,
    0,
    0,
    0,
    0,
    0,
    1,
    1,
    0,
    1,
    0,
    0,
    0,
    0,
    0,
    0,
    1,
    0 ],
  [ 0,
    0,
    0,
    1,
    0,
    1,
    1,
    0,
    0,
    0,
    0,
    0,
    0,
    0,
    1,
    1,
    0,
    0,
    0,
    1,
    0,
    1,
    1,
    0,
    0,
    0,
    0,
    0,
    0,
    0,
    1,
    1,
    0,
    0,
    0,
    0,
    1,
    1,
    1,
    0,
    0,
    0,
    0,
    0,
    0,
    0,
    1,
    1,
    0,
    0,
    0,
    1,
    0,
    0,
    1,
    1,
    0,
    0,
    0,
    0,
    0,
    0,
    1,
    1 ],
  [ 0,
    0,
    0,
    1,
    1,
    0,
    0,
    1,
    0,
    0,
    0,
    0,
    0,
    1,
    0,
    0,
    0,
    0,
    0,
    1,
    1,
    0,
    0,
    1,
    0,
    0,
    0,
    0,
    0,
    1,
    0,
    0,
    0,
    0,
    0,
    0,
    0,
    0,
    0,
    1,
    0,
    0,
    0,
    0,
    0,
    1,
    0,
    0,
    0,
    0,
    0,
    1,
    0,
    0,
    1,
    1,
    0,
    0,
    0,
    0,
    0,
    1,
    0,
    0 ],
  [ 0,
    0,
    0,
    1,
    0,
    0,
    0,
    1,
    0,
    0,
    0,
    0,
    0,
    1,
    0,
    1,
    0,
    0,
    0,
    1,
    0,
    0,
    0,
    1,
    0,
    0,
    0,
    0,
    0,
    1,
    0,
    1,
    0,
    0,
    0,
    0,
    1,
    1,
    1,
    1,
    0,
    0,
    0,
    0,
    0,
    1,
    0,
    1,
    0,
    0,
    0,
    0,
    1,
    1,
    0,
    1,
    0,
    0,
    0,
    0,
    0,
    1,
    0,
    1 ],
  [ 0,
    0,
    0,
    1,
    0,
    0,
    0,
    1,
    0,
    0,
    0,
    0,
    0,
    1,
    1,
    0,
    0,
    0,
    0,
    1,
    0,
    0,
    0,
    1,
    0,
    0,
    0,
    0,
    0,
    1,
    1,
    0,
    0,
    0,
    0,
    1,
    0,
    0,
    0,
    1,
    0,
    0,
    0,
    0,
    0,
    1,
    1,
    0,
    0,
    0,
    0,
    0,
    0,
    0,
    0,
    1,
    0,
    0,
    0,
    0,
    0,
    1,
    1,
    0 ],
  [ 0,
    0,
    0,
    1,
    0,
    0,
    0,
    1,
    0,
    0,
    0,
    0,
    0,
    1,
    1,
    1,
    0,
    0,
    0,
    1,
    0,
    0,
    0,
    1,
    0,
    0,
    0,
    0,
    0,
    1,
    1,
    1,
    0,
    0,
    0,
    0,
    1,
    1,
    1,
    1,
    0,
    0,
    0,
    0,
    0,
    1,
    1,
    1,
    0,
    0,
    0,
    0,
    1,
    1,
    1,
    0,
    0,
    0,
    0,
    0,
    0,
    1,
    1,
    1 ],
  [ 0,
    0,
    0,
    0,
    0,
    0,
    0,
    0,
    0,
    0,
    0,
    0,
    1,
    0,
    0,
    0,
    0,
    0,
    0,
    0,
    0,
    0,
    0,
    0,
    0,
    0,
    0,
    0,
    1,
    0,
    0,
    0,
    0,
    0,
    0,
    0,
    0,
    0,
    0,
    0,
    0,
    0,
    0,
    0,
    1,
    0,
    0,
    0,
    0,
    0,
    0,
    0,
    0,
    0,
    0,
    0,
    0,
    0,
    0,
    0,
    1,
    0,
    0,
    0 ] ]
undefined
>> 1472576142312 Board Closing.  
